[INITIAL SETTINGS]
[NUMBER OF CITIES] 15
[POPULATION SIZE] 200
[GENERATIONS] 150
---------------------------------------------------------------------------------

[GENERATION 0] Average fitness: 0.0002276787858709398
Best fitness: 0.00041925509313926507 [DISTANCE] 2385.1827118241526
[PATH] 1 11 5 0 10 8 6 14 9 4 13 7 2 12 3 1
*************************************************************
[GENERATION 1] Average fitness: 0.00023701710801535083
Best fitness: 0.00036632905994464965 [DISTANCE] 2729.786165888927
[PATH] 9 6 12 14 13 4 2 3 0 11 5 1 8 10 7 9
*************************************************************
[GENERATION 2] Average fitness: 0.00023982583995879047
Best fitness: 0.0003479489593310997 [DISTANCE] 2873.9847416770817
[PATH] 8 13 9 12 14 6 11 7 4 2 1 5 0 3 10 8
*************************************************************
[GENERATION 3] Average fitness: 0.00024123753818210323
Best fitness: 0.0003366737883398805 [DISTANCE] 2970.23419889901
[PATH] 9 6 14 13 12 10 1 5 8 4 2 3 0 11 7 9
*************************************************************
[GENERATION 4] Average fitness: 0.00024712893898092556
Best fitness: 0.00034938732978335383 [DISTANCE] 2862.153016882651
[PATH] 8 12 2 9 7 13 4 14 6 10 3 1 5 11 0 8
*************************************************************
[GENERATION 5] Average fitness: 0.00024701048658355555
Best fitness: 0.00036199119796462927 [DISTANCE] 2762.498109409035
[PATH] 13 7 2 9 12 6 14 8 0 3 1 11 5 10 4 13
*************************************************************
[GENERATION 6] Average fitness: 0.00025111291711911503
Best fitness: 0.0003722990896332892 [DISTANCE] 2686.0124771859896
[PATH] 10 8 12 9 13 6 14 4 2 7 11 5 0 3 1 10
*************************************************************
[GENERATION 7] Average fitness: 0.00025554420100598537
Best fitness: 0.00040213649655254614 [DISTANCE] 2486.717839770439
[PATH] 5 7 13 12 4 2 6 14 9 8 11 0 3 10 1 5
*************************************************************
[GENERATION 8] Average fitness: 0.0002620876599119403
Best fitness: 0.00038146223198919923 [DISTANCE] 2621.491503327423
[PATH] 10 8 14 9 13 6 12 4 2 7 0 3 11 5 1 10
*************************************************************
[GENERATION 9] Average fitness: 0.00027178708349548354
Best fitness: 0.00043424477420644735 [DISTANCE] 2302.8486683056385
[PATH] 10 8 11 6 9 14 12 13 4 2 7 3 5 1 0 10
*************************************************************
[GENERATION 10] Average fitness: 0.00028405256800103805
Best fitness: 0.00041174565605965255 [DISTANCE] 2428.683788846391
[PATH] 10 8 14 9 13 6 12 4 2 7 3 11 5 1 0 10
*************************************************************
[GENERATION 11] Average fitness: 0.00028395466643556
Best fitness: 0.00043182240595936053 [DISTANCE] 2315.7668203398216
[PATH] 11 10 6 14 9 12 13 7 4 2 8 1 3 5 0 11
*************************************************************
[GENERATION 12] Average fitness: 0.0002875801027927772
Best fitness: 0.00041650822783425895 [DISTANCE] 2400.9129548286614
[PATH] 10 8 14 9 13 2 4 7 12 6 11 5 0 1 3 10
*************************************************************
[GENERATION 13] Average fitness: 0.00029110717670517586
Best fitness: 0.00041478470528432353 [DISTANCE] 2410.889281258641
[PATH] 8 6 13 9 14 12 2 7 4 5 11 1 0 3 10 8
*************************************************************
[GENERATION 14] Average fitness: 0.00030053952360923003
Best fitness: 0.00045101329126858304 [DISTANCE] 2217.2295569987755
[PATH] 8 13 9 14 6 12 2 7 4 3 1 0 5 11 10 8
*************************************************************
[GENERATION 15] Average fitness: 0.0003088066974536119
Best fitness: 0.0004525214644190526 [DISTANCE] 2209.8399272259953
[PATH] 8 6 13 14 9 12 7 2 4 3 0 1 5 11 10 8
*************************************************************
[GENERATION 16] Average fitness: 0.00031138503084673376
Best fitness: 0.0004525214644190526 [DISTANCE] 2209.8399272259953
[PATH] 8 6 13 14 9 12 7 2 4 3 0 1 5 11 10 8
*************************************************************
[GENERATION 17] Average fitness: 0.0003192206170294596
Best fitness: 0.0004525214644190526 [DISTANCE] 2209.8399272259953
[PATH] 8 6 13 14 9 12 7 2 4 3 0 1 5 11 10 8
*************************************************************
[GENERATION 18] Average fitness: 0.00032356332636909057
Best fitness: 0.0004525214644190526 [DISTANCE] 2209.8399272259953
[PATH] 8 6 13 14 9 12 7 2 4 3 0 1 5 11 10 8
*************************************************************
[GENERATION 19] Average fitness: 0.0003270054341612007
Best fitness: 0.0004525214644190526 [DISTANCE] 2209.8399272259953
[PATH] 8 6 13 14 9 12 7 2 4 3 0 1 5 11 10 8
*************************************************************
[GENERATION 20] Average fitness: 0.00033807989982116953
Best fitness: 0.00045409503643492393 [DISTANCE] 2202.182186026403
[PATH] 10 8 6 14 9 13 2 12 7 4 11 1 5 0 3 10
*************************************************************
[GENERATION 21] Average fitness: 0.00034278223099020523
Best fitness: 0.00047190798797728563 [DISTANCE] 2119.0571583376823
[PATH] 10 8 6 14 9 12 4 7 13 2 3 1 5 0 11 10
*************************************************************
[GENERATION 22] Average fitness: 0.0003447632690069122
Best fitness: 0.0004720904026883408 [DISTANCE] 2118.2383592325823
[PATH] 8 10 6 9 14 13 12 2 4 7 3 5 0 1 11 8
*************************************************************
[GENERATION 23] Average fitness: 0.00035633207169165
Best fitness: 0.0005102067036110976 [DISTANCE] 1959.9899274593713
[PATH] 8 6 14 9 12 13 2 7 4 3 1 5 0 11 10 8
*************************************************************
[GENERATION 24] Average fitness: 0.0003571023419559101
Best fitness: 0.0004987166659679411 [DISTANCE] 2005.146545602474
[PATH] 8 6 14 9 13 12 4 2 7 10 3 1 11 0 5 8
*************************************************************
[GENERATION 25] Average fitness: 0.0003717042251446066
Best fitness: 0.0005095841359425401 [DISTANCE] 1962.3844807302999
[PATH] 8 6 14 9 13 12 2 4 7 10 3 1 11 0 5 8
*************************************************************
[GENERATION 26] Average fitness: 0.00038573461654544875
Best fitness: 0.000556883088989 [DISTANCE] 1795.7090451704357
[PATH] 8 6 14 9 13 12 2 4 7 10 3 1 5 0 11 8
*************************************************************
[GENERATION 27] Average fitness: 0.00039804628240914066
Best fitness: 0.000556883088989 [DISTANCE] 1795.7090451704357
[PATH] 8 6 14 9 13 12 2 4 7 10 3 1 5 0 11 8
*************************************************************
[GENERATION 28] Average fitness: 0.00041806625604212845
Best fitness: 0.000556883088989 [DISTANCE] 1795.7090451704357
[PATH] 8 6 14 9 13 12 2 4 7 10 3 1 5 0 11 8
*************************************************************
[GENERATION 29] Average fitness: 0.00043274385916837135
Best fitness: 0.000556883088989 [DISTANCE] 1795.7090451704357
[PATH] 8 6 14 9 13 12 2 4 7 10 3 1 5 0 11 8
*************************************************************
[GENERATION 30] Average fitness: 0.00045130195685959306
Best fitness: 0.000556883088989 [DISTANCE] 1795.7090451704357
[PATH] 8 6 14 9 13 12 2 4 7 10 3 1 5 0 11 8
*************************************************************
[GENERATION 31] Average fitness: 0.0004635078083956687
Best fitness: 0.000556883088989 [DISTANCE] 1795.7090451704357
[PATH] 8 6 14 9 13 12 2 4 7 10 3 1 5 0 11 8
*************************************************************
[GENERATION 32] Average fitness: 0.00047418100097844113
Best fitness: 0.000556883088989 [DISTANCE] 1795.7090451704357
[PATH] 8 6 14 9 13 12 2 4 7 10 3 1 5 0 11 8
*************************************************************
[GENERATION 33] Average fitness: 0.0004854901149562415
Best fitness: 0.000556883088989 [DISTANCE] 1795.7090451704357
[PATH] 8 6 14 9 13 12 2 4 7 10 3 1 5 0 11 8
*************************************************************
[GENERATION 34] Average fitness: 0.0004983391569274202
Best fitness: 0.000556883088989 [DISTANCE] 1795.7090451704357
[PATH] 8 6 14 9 13 12 2 4 7 10 3 1 5 0 11 8
*************************************************************
[GENERATION 35] Average fitness: 0.0005041488068922333
Best fitness: 0.000556883088989 [DISTANCE] 1795.7090451704357
[PATH] 8 6 14 9 13 12 2 4 7 10 3 1 5 0 11 8
*************************************************************
[GENERATION 36] Average fitness: 0.0005135511817429243
Best fitness: 0.000556883088989 [DISTANCE] 1795.7090451704357
[PATH] 8 6 14 9 13 12 2 4 7 10 3 1 5 0 11 8
*************************************************************
[GENERATION 37] Average fitness: 0.0005269230895455804
Best fitness: 0.000556883088989 [DISTANCE] 1795.7090451704357
[PATH] 8 6 14 9 13 12 2 4 7 10 3 1 5 0 11 8
*************************************************************
[GENERATION 38] Average fitness: 0.0005340793795581847
Best fitness: 0.000556883088989 [DISTANCE] 1795.7090451704357
[PATH] 8 6 14 9 13 12 2 4 7 10 3 1 5 0 11 8
*************************************************************
[GENERATION 39] Average fitness: 0.0005427828174196717
Best fitness: 0.000556883088989 [DISTANCE] 1795.7090451704357
[PATH] 8 6 14 9 13 12 2 4 7 10 3 1 5 0 11 8
*************************************************************
[GENERATION 40] Average fitness: 0.0005429959304247857
Best fitness: 0.000556883088989 [DISTANCE] 1795.7090451704357
[PATH] 8 6 14 9 13 12 2 4 7 10 3 1 5 0 11 8
*************************************************************
[GENERATION 41] Average fitness: 0.0005423215198461983
Best fitness: 0.000556883088989 [DISTANCE] 1795.7090451704357
[PATH] 8 6 14 9 13 12 2 4 7 10 3 1 5 0 11 8
*************************************************************
[GENERATION 42] Average fitness: 0.00022739959207291257
Best fitness: 0.0003201466147393312 [DISTANCE] 3123.568871138047
[PATH] 13 10 3 1 5 0 8 11 14 12 6 4 9 2 7 13
*************************************************************
[GENERATION 43] Average fitness: 0.00022605648893057548
Best fitness: 0.00032057564156988904 [DISTANCE] 3119.388594538581
[PATH] 11 14 12 9 4 2 13 6 7 3 1 8 5 10 0 11
*************************************************************
[GENERATION 44] Average fitness: 0.0002336621488881851
Best fitness: 0.000314371249231413 [DISTANCE] 3180.95246446626
[PATH] 9 12 2 0 5 4 1 3 11 8 6 14 10 7 13 9
*************************************************************
[GENERATION 45] Average fitness: 0.00023468448922968468
Best fitness: 0.0003284296366398929 [DISTANCE] 3044.7922125141563
[PATH] 14 6 5 1 0 11 2 10 4 8 3 7 13 12 9 14
*************************************************************
[GENERATION 46] Average fitness: 0.00023879285804937454
Best fitness: 0.000337698574309473 [DISTANCE] 2961.220674516624
[PATH] 8 3 1 4 6 12 13 14 9 7 2 5 0 10 11 8
*************************************************************
[GENERATION 47] Average fitness: 0.00024490822733425267
Best fitness: 0.0003570176729278955 [DISTANCE] 2800.98178837764
[PATH] 6 9 2 4 14 13 12 3 5 0 1 10 11 8 7 6
*************************************************************
[GENERATION 48] Average fitness: 0.00025145205602535774
Best fitness: 0.0003570176729278955 [DISTANCE] 2800.98178837764
[PATH] 6 9 2 4 14 13 12 3 5 0 1 10 11 8 7 6
*************************************************************
[GENERATION 49] Average fitness: 0.0002560592245444954
Best fitness: 0.000366490106744708 [DISTANCE] 2728.5866155633676
[PATH] 2 4 9 14 6 10 7 0 3 5 1 8 11 13 12 2
*************************************************************
[GENERATION 50] Average fitness: 0.00026037024136108677
Best fitness: 0.00038201186905871103 [DISTANCE] 2617.7197123849337
[PATH] 2 4 13 9 14 6 10 3 7 0 1 11 5 8 12 2
*************************************************************
[GENERATION 51] Average fitness: 0.0002555130837040052
Best fitness: 0.0003895941090935068 [DISTANCE] 2566.773923575906
[PATH] 4 12 6 13 9 14 2 3 1 11 8 5 0 10 7 4
*************************************************************
[GENERATION 52] Average fitness: 0.0002558962042475848
Best fitness: 0.0004008255686007281 [DISTANCE] 2494.850823741047
[PATH] 2 6 9 14 4 3 0 5 1 11 8 10 13 12 7 2
*************************************************************
[GENERATION 53] Average fitness: 0.00025522338623818646
Best fitness: 0.0004008255686007281 [DISTANCE] 2494.850823741047
[PATH] 2 6 9 14 4 3 0 5 1 11 8 10 13 12 7 2
*************************************************************
[GENERATION 54] Average fitness: 0.0002602590656683602
Best fitness: 0.0004008255686007281 [DISTANCE] 2494.850823741047
[PATH] 2 6 9 14 4 3 0 5 1 11 8 10 13 12 7 2
*************************************************************
[GENERATION 55] Average fitness: 0.0002650994110726763
Best fitness: 0.0004032455438873493 [DISTANCE] 2479.8786128170086
[PATH] 6 14 9 4 13 8 1 5 11 0 3 10 7 2 12 6
*************************************************************
[GENERATION 56] Average fitness: 0.00027307143866097056
Best fitness: 0.0003844965777205665 [DISTANCE] 2600.803382772243
[PATH] 2 6 9 14 4 3 0 5 1 11 8 10 12 7 13 2
*************************************************************
[GENERATION 57] Average fitness: 0.00027782333359192325
Best fitness: 0.00044469288434401474 [DISTANCE] 2248.7429756721704
[PATH] 6 14 9 4 2 12 13 7 8 11 1 3 0 5 10 6
*************************************************************
[GENERATION 58] Average fitness: 0.00028416951602940494
Best fitness: 0.0004398999068998804 [DISTANCE] 2273.2444001803265
[PATH] 14 6 13 12 2 4 1 5 0 10 8 11 3 7 9 14
*************************************************************
[GENERATION 59] Average fitness: 0.00029210281174463703
Best fitness: 0.00039115349460712353 [DISTANCE] 2556.5411373977495
[PATH] 2 12 13 9 14 6 4 8 3 5 0 1 10 11 7 2
*************************************************************
[GENERATION 60] Average fitness: 0.00030186536391547855
Best fitness: 0.0004180146635760508 [DISTANCE] 2392.260576328004
[PATH] 6 14 9 4 7 12 13 2 10 8 11 5 1 3 0 6
*************************************************************
[GENERATION 61] Average fitness: 0.00030634839973086474
Best fitness: 0.0004336435034133892 [DISTANCE] 2306.0416958367464
[PATH] 6 14 9 4 7 12 13 2 10 8 11 5 1 0 3 6
*************************************************************
[GENERATION 62] Average fitness: 0.0003147448585727306
Best fitness: 0.0004309143188378262 [DISTANCE] 2320.6469506443764
[PATH] 6 14 9 4 2 12 7 13 10 8 11 0 5 1 3 6
*************************************************************
[GENERATION 63] Average fitness: 0.00031986235153344853
Best fitness: 0.0004232058079104324 [DISTANCE] 2362.9165321182
[PATH] 2 14 6 9 13 12 4 3 8 11 0 1 5 10 7 2
*************************************************************
[GENERATION 64] Average fitness: 0.00032615095956971767
Best fitness: 0.0004251295308434289 [DISTANCE] 2352.224269191712
[PATH] 6 14 9 2 4 7 12 13 8 10 0 11 5 1 3 6
*************************************************************
[GENERATION 65] Average fitness: 0.00032920950773756256
Best fitness: 0.00042334967337102116 [DISTANCE] 2362.113550335979
[PATH] 6 14 9 2 4 13 12 3 8 11 0 1 5 10 7 6
*************************************************************
[GENERATION 66] Average fitness: 0.0003356236383701364
Best fitness: 0.0004438537511925367 [DISTANCE] 2252.9943642770204
[PATH] 7 6 14 9 4 2 13 12 3 5 1 0 11 8 10 7
*************************************************************
[GENERATION 67] Average fitness: 0.0003392114298317102
Best fitness: 0.00045152049163668754 [DISTANCE] 2214.7389066998144
[PATH] 6 14 9 7 4 2 13 12 3 0 5 1 10 11 8 6
*************************************************************
[GENERATION 68] Average fitness: 0.00034410598625566626
Best fitness: 0.0004493088082549393 [DISTANCE] 2225.6407656103565
[PATH] 8 6 14 9 13 12 7 4 2 10 1 0 11 5 3 8
*************************************************************
[GENERATION 69] Average fitness: 0.0003409468631056373
Best fitness: 0.0004545515737971581 [DISTANCE] 2199.9703832204664
[PATH] 6 14 9 4 2 12 13 7 3 10 1 0 11 5 8 6
*************************************************************
[GENERATION 70] Average fitness: 0.0003416430023092253
Best fitness: 0.00046416989807073346 [DISTANCE] 2154.383565492679
[PATH] 8 6 14 9 13 12 7 4 2 3 10 0 11 5 1 8
*************************************************************
[GENERATION 71] Average fitness: 0.00035120298578653785
Best fitness: 0.00046416989807073346 [DISTANCE] 2154.383565492679
[PATH] 8 6 14 9 13 12 7 4 2 3 10 0 11 5 1 8
*************************************************************
[GENERATION 72] Average fitness: 0.00035085261813860375
Best fitness: 0.0004801205420055631 [DISTANCE] 2082.8102788995293
[PATH] 6 14 9 12 2 13 4 7 8 11 5 0 1 3 10 6
*************************************************************
[GENERATION 73] Average fitness: 0.0003486374034555613
Best fitness: 0.00048425911632450137 [DISTANCE] 2065.010169741237
[PATH] 6 14 9 12 2 4 13 7 8 11 5 0 1 3 10 6
*************************************************************
[GENERATION 74] Average fitness: 0.00035135496541702053
Best fitness: 0.0004729167401414171 [DISTANCE] 2114.537116408627
[PATH] 6 14 9 12 2 13 4 7 10 8 11 5 0 1 3 6
*************************************************************
[GENERATION 75] Average fitness: 0.0003559860098208077
Best fitness: 0.000492388046963665 [DISTANCE] 2030.9185126782606
[PATH] 6 14 9 12 13 4 2 7 10 8 11 5 0 1 3 6
*************************************************************
[GENERATION 76] Average fitness: 0.0003636451164474461
Best fitness: 0.0004957637820380171 [DISTANCE] 2017.0896629220003
[PATH] 6 14 9 12 13 4 2 7 10 11 5 0 1 3 8 6
*************************************************************
[GENERATION 77] Average fitness: 0.0003687793874092391
Best fitness: 0.0004801931743066031 [DISTANCE] 2082.4952404706623
[PATH] 6 14 9 12 4 2 13 7 10 11 5 0 1 3 8 6
*************************************************************
[GENERATION 78] Average fitness: 0.0003753507806632427
Best fitness: 0.0004853212929731526 [DISTANCE] 2060.490677987456
[PATH] 8 6 14 9 12 2 4 13 7 10 3 1 5 11 0 8
*************************************************************
[GENERATION 79] Average fitness: 0.0003805289430169875
Best fitness: 0.0004974409129087975 [DISTANCE] 2010.2890093066055
[PATH] 8 6 14 9 12 13 4 7 2 10 3 0 1 5 11 8
*************************************************************
[GENERATION 80] Average fitness: 0.0003850306986861617
Best fitness: 0.0004974409129087975 [DISTANCE] 2010.2890093066055
[PATH] 8 6 14 9 12 13 4 7 2 10 3 0 1 5 11 8
*************************************************************
[GENERATION 81] Average fitness: 0.0003914452755164504
Best fitness: 0.0004777504806392798 [DISTANCE] 2093.142844486302
[PATH] 6 14 9 12 13 7 4 2 10 8 11 5 0 1 3 6
*************************************************************
[GENERATION 82] Average fitness: 0.0003998159760254171
Best fitness: 0.0004892994890271543 [DISTANCE] 2043.7380835778958
[PATH] 6 14 9 12 13 2 4 7 10 8 11 0 1 5 3 6
*************************************************************
[GENERATION 83] Average fitness: 0.0004060215273971167
Best fitness: 0.000503780699664777 [DISTANCE] 1984.9906927069944
[PATH] 6 14 9 12 13 2 4 7 10 8 11 0 5 1 3 6
*************************************************************
[GENERATION 84] Average fitness: 0.00041626475928555404
Best fitness: 0.000503780699664777 [DISTANCE] 1984.9906927069944
[PATH] 6 14 9 12 13 2 4 7 10 8 11 0 5 1 3 6
*************************************************************
[GENERATION 85] Average fitness: 0.00042724844525950133
Best fitness: 0.0005423244642311047 [DISTANCE] 1843.9146045491002
[PATH] 6 14 9 12 13 2 4 7 10 3 0 1 5 11 8 6
*************************************************************
[GENERATION 86] Average fitness: 0.0004387574162645099
Best fitness: 0.0005423244642311047 [DISTANCE] 1843.9146045491002
[PATH] 6 14 9 12 13 2 4 7 10 3 0 1 5 11 8 6
*************************************************************
[GENERATION 87] Average fitness: 0.0004434194901007563
Best fitness: 0.0005423244642311047 [DISTANCE] 1843.9146045491002
[PATH] 6 14 9 12 13 2 4 7 10 3 0 1 5 11 8 6
*************************************************************
[GENERATION 88] Average fitness: 0.00045149532830382407
Best fitness: 0.0005423244642311047 [DISTANCE] 1843.9146045491002
[PATH] 6 14 9 12 13 2 4 7 10 3 0 1 5 11 8 6
*************************************************************
[GENERATION 89] Average fitness: 0.0004607795540634261
Best fitness: 0.0005423244642311047 [DISTANCE] 1843.9146045491002
[PATH] 6 14 9 12 13 2 4 7 10 3 0 1 5 11 8 6
*************************************************************
[GENERATION 90] Average fitness: 0.0004653235474641574
Best fitness: 0.0005423244642311047 [DISTANCE] 1843.9146045491002
[PATH] 6 14 9 12 13 2 4 7 10 3 0 1 5 11 8 6
*************************************************************
[GENERATION 91] Average fitness: 0.00046920819708258136
Best fitness: 0.0005423244642311047 [DISTANCE] 1843.9146045491002
[PATH] 6 14 9 12 13 2 4 7 10 3 0 1 5 11 8 6
*************************************************************
[GENERATION 92] Average fitness: 0.0004763652154285001
Best fitness: 0.0005423244642311047 [DISTANCE] 1843.9146045491002
[PATH] 6 14 9 12 13 2 4 7 10 3 0 1 5 11 8 6
*************************************************************
[GENERATION 93] Average fitness: 0.00048104793083002186
Best fitness: 0.0005423244642311047 [DISTANCE] 1843.9146045491002
[PATH] 6 14 9 12 13 2 4 7 10 3 0 1 5 11 8 6
*************************************************************
[GENERATION 94] Average fitness: 0.00048474484747943256
Best fitness: 0.0005423244642311047 [DISTANCE] 1843.9146045491002
[PATH] 6 14 9 12 13 2 4 7 10 3 0 1 5 11 8 6
*************************************************************
[GENERATION 95] Average fitness: 0.0004854475610709162
Best fitness: 0.0005423244642311047 [DISTANCE] 1843.9146045491002
[PATH] 6 14 9 12 13 2 4 7 10 3 0 1 5 11 8 6
*************************************************************
[GENERATION 96] Average fitness: 0.0004871949615269078
Best fitness: 0.0005423244642311047 [DISTANCE] 1843.9146045491002
[PATH] 6 14 9 12 13 2 4 7 10 3 0 1 5 11 8 6
*************************************************************
[GENERATION 97] Average fitness: 0.0004883921883023925
Best fitness: 0.0005423244642311047 [DISTANCE] 1843.9146045491002
[PATH] 6 14 9 12 13 2 4 7 10 3 0 1 5 11 8 6
*************************************************************
[GENERATION 98] Average fitness: 0.00048614721231447306
Best fitness: 0.0005423244642311047 [DISTANCE] 1843.9146045491002
[PATH] 6 14 9 12 13 2 4 7 10 3 0 1 5 11 8 6
*************************************************************
[GENERATION 99] Average fitness: 0.00048441976999997924
Best fitness: 0.0005500886084671347 [DISTANCE] 1817.888944813053
[PATH] 6 14 9 12 13 2 4 7 10 3 1 0 5 11 8 6
*************************************************************
[GENERATION 100] Average fitness: 0.0004871452295151601
Best fitness: 0.0005500886084671347 [DISTANCE] 1817.888944813053
[PATH] 6 14 9 12 13 2 4 7 10 3 1 0 5 11 8 6
*************************************************************
[GENERATION 101] Average fitness: 0.00048554057977559956
Best fitness: 0.0005500886084671347 [DISTANCE] 1817.888944813053
[PATH] 6 14 9 12 13 2 4 7 10 3 1 0 5 11 8 6
*************************************************************
[GENERATION 102] Average fitness: 0.0004819381218723969
Best fitness: 0.0005500886084671347 [DISTANCE] 1817.888944813053
[PATH] 6 14 9 12 13 2 4 7 10 3 1 0 5 11 8 6
*************************************************************
[GENERATION 103] Average fitness: 0.0004897758094984128
Best fitness: 0.0005500886084671347 [DISTANCE] 1817.888944813053
[PATH] 6 14 9 12 13 2 4 7 10 3 1 0 5 11 8 6
*************************************************************
[GENERATION 104] Average fitness: 0.0004999818448106539
Best fitness: 0.0005500886084671347 [DISTANCE] 1817.888944813053
[PATH] 6 14 9 12 13 2 4 7 10 3 1 0 5 11 8 6
*************************************************************
[GENERATION 105] Average fitness: 0.0005065919935490987
Best fitness: 0.0005500886084671347 [DISTANCE] 1817.888944813053
[PATH] 6 14 9 12 13 2 4 7 10 3 1 0 5 11 8 6
*************************************************************
[GENERATION 106] Average fitness: 0.0005133523729545837
Best fitness: 0.0005560306889546415 [DISTANCE] 1798.461883246116
[PATH] 6 14 9 13 12 2 4 7 10 3 1 0 5 11 8 6
*************************************************************
[GENERATION 107] Average fitness: 0.0005186185268580478
Best fitness: 0.0005560306889546415 [DISTANCE] 1798.461883246116
[PATH] 6 14 9 13 12 2 4 7 10 3 1 0 5 11 8 6
*************************************************************
[GENERATION 108] Average fitness: 0.0005282797961643723
Best fitness: 0.0005560306889546415 [DISTANCE] 1798.461883246116
[PATH] 6 14 9 13 12 2 4 7 10 3 1 0 5 11 8 6
*************************************************************
[GENERATION 109] Average fitness: 0.0005299950343920706
Best fitness: 0.0005560306889546415 [DISTANCE] 1798.461883246116
[PATH] 6 14 9 13 12 2 4 7 10 3 1 0 5 11 8 6
*************************************************************
[GENERATION 110] Average fitness: 0.0005326220287259012
Best fitness: 0.000556883088989 [DISTANCE] 1795.7090451704357
[PATH] 6 14 9 13 12 2 4 7 10 3 1 5 0 11 8 6
*************************************************************
[GENERATION 111] Average fitness: 0.0005329520565531752
Best fitness: 0.000556883088989 [DISTANCE] 1795.7090451704357
[PATH] 6 14 9 13 12 2 4 7 10 3 1 5 0 11 8 6
*************************************************************
[GENERATION 112] Average fitness: 0.0005353500379923555
Best fitness: 0.0005560306889546415 [DISTANCE] 1798.461883246116
[PATH] 6 14 9 13 12 2 4 7 10 3 1 0 5 11 8 6
*************************************************************
[GENERATION 113] Average fitness: 0.0005383907917092994
Best fitness: 0.000556883088989 [DISTANCE] 1795.7090451704357
[PATH] 6 14 9 13 12 2 4 7 10 3 1 5 0 11 8 6
*************************************************************
[GENERATION 114] Average fitness: 0.0005398447288342943
Best fitness: 0.000556883088989 [DISTANCE] 1795.7090451704357
[PATH] 6 14 9 13 12 2 4 7 10 3 1 5 0 11 8 6
*************************************************************
[GENERATION 115] Average fitness: 0.0005391866213882228
Best fitness: 0.000556883088989 [DISTANCE] 1795.7090451704357
[PATH] 6 14 9 13 12 2 4 7 10 3 1 5 0 11 8 6
*************************************************************
[GENERATION 116] Average fitness: 0.0005411001737923552
Best fitness: 0.000556883088989 [DISTANCE] 1795.7090451704357
[PATH] 6 14 9 13 12 2 4 7 10 3 1 5 0 11 8 6
*************************************************************
[GENERATION 117] Average fitness: 0.0005414560232994445
Best fitness: 0.000556883088989 [DISTANCE] 1795.7090451704357
[PATH] 6 14 9 13 12 2 4 7 10 3 1 5 0 11 8 6
*************************************************************
[GENERATION 118] Average fitness: 0.0005410308944526184
Best fitness: 0.000556883088989 [DISTANCE] 1795.7090451704357
[PATH] 6 14 9 13 12 2 4 7 10 3 1 5 0 11 8 6
*************************************************************
[GENERATION 119] Average fitness: 0.0005453338257385635
Best fitness: 0.000556883088989 [DISTANCE] 1795.7090451704357
[PATH] 6 14 9 13 12 2 4 7 10 3 1 5 0 11 8 6
*************************************************************
[GENERATION 120] Average fitness: 0.0005439871265811772
Best fitness: 0.000556883088989 [DISTANCE] 1795.7090451704357
[PATH] 6 14 9 13 12 2 4 7 10 3 1 5 0 11 8 6
*************************************************************
[GENERATION 121] Average fitness: 0.0005481476502332939
Best fitness: 0.000556883088989 [DISTANCE] 1795.7090451704357
[PATH] 6 14 9 13 12 2 4 7 10 3 1 5 0 11 8 6
*************************************************************
[GENERATION 122] Average fitness: 0.0005475267949152888
Best fitness: 0.000556883088989 [DISTANCE] 1795.7090451704357
[PATH] 6 14 9 13 12 2 4 7 10 3 1 5 0 11 8 6
*************************************************************
[GENERATION 123] Average fitness: 0.0005467004042457702
Best fitness: 0.000556883088989 [DISTANCE] 1795.7090451704357
[PATH] 6 14 9 13 12 2 4 7 10 3 1 5 0 11 8 6
*************************************************************
[GENERATION 124] Average fitness: 0.0005463555706944999
Best fitness: 0.000556883088989 [DISTANCE] 1795.7090451704357
[PATH] 6 14 9 13 12 2 4 7 10 3 1 5 0 11 8 6
*************************************************************
[GENERATION 125] Average fitness: 0.0005486596799875663
Best fitness: 0.000556883088989 [DISTANCE] 1795.7090451704357
[PATH] 6 14 9 13 12 2 4 7 10 3 1 5 0 11 8 6
*************************************************************
[GENERATION 126] Average fitness: 0.0005490770096498555
Best fitness: 0.000556883088989 [DISTANCE] 1795.7090451704357
[PATH] 6 14 9 13 12 2 4 7 10 3 1 5 0 11 8 6
*************************************************************
[GENERATION 127] Average fitness: 0.0005501008242910078
Best fitness: 0.000556883088989 [DISTANCE] 1795.7090451704357
[PATH] 6 14 9 13 12 2 4 7 10 3 1 5 0 11 8 6
*************************************************************
[GENERATION 128] Average fitness: 0.0005523908713167239
Best fitness: 0.000556883088989 [DISTANCE] 1795.7090451704357
[PATH] 6 14 9 13 12 2 4 7 10 3 1 5 0 11 8 6
*************************************************************
[GENERATION 129] Average fitness: 0.0002313661165998975
Best fitness: 0.000332180313397589 [DISTANCE] 3010.4131993008655
[PATH] 2 14 6 12 8 11 3 1 10 0 5 13 9 7 4 2
*************************************************************
[GENERATION 130] Average fitness: 0.0002257114687854332
Best fitness: 0.0003086108589503184 [DISTANCE] 3240.326680018037
[PATH] 8 6 2 7 9 14 11 5 0 1 3 13 12 10 4 8
*************************************************************
[GENERATION 131] Average fitness: 0.00023261763209482728
Best fitness: 0.0003227003422618662 [DISTANCE] 3098.8501375325964
[PATH] 6 14 12 9 11 5 1 3 8 0 2 4 7 10 13 6
*************************************************************
[GENERATION 132] Average fitness: 0.00023905627539177863
Best fitness: 0.00032478634100702 [DISTANCE] 3078.9472146502176
[PATH] 0 1 8 12 7 13 14 6 4 9 2 3 5 11 10 0
*************************************************************
[GENERATION 133] Average fitness: 0.00024205300557383937
Best fitness: 0.0003458045722284043 [DISTANCE] 2891.8067611306737
[PATH] 6 14 12 9 3 8 11 5 0 1 2 4 7 10 13 6
*************************************************************
[GENERATION 134] Average fitness: 0.0002454987626883213
Best fitness: 0.000347773812680706 [DISTANCE] 2875.432144507408
[PATH] 6 14 12 13 9 11 5 1 3 8 0 10 2 7 4 6
*************************************************************
[GENERATION 135] Average fitness: 0.0002520039123304106
Best fitness: 0.0003610814032886166 [DISTANCE] 2769.458606542216
[PATH] 6 14 12 13 9 3 5 1 8 11 0 10 2 7 4 6
*************************************************************
[GENERATION 136] Average fitness: 0.0002528633374443243
Best fitness: 0.00036722388709302964 [DISTANCE] 2723.134401512034
[PATH] 7 13 12 5 1 4 2 3 10 0 11 8 6 14 9 7
*************************************************************
[GENERATION 137] Average fitness: 0.00025167321327190133
Best fitness: 0.00036658092170435154 [DISTANCE] 2727.910648897606
[PATH] 6 14 9 12 0 11 10 1 5 8 3 7 4 13 2 6
*************************************************************
[GENERATION 138] Average fitness: 0.00025156433119693177
Best fitness: 0.0003857921184147577 [DISTANCE] 2592.0695428124823
[PATH] 6 14 9 12 0 11 10 3 1 5 8 7 4 13 2 6
*************************************************************
[GENERATION 139] Average fitness: 0.00025966826828956895
Best fitness: 0.00039148560307203465 [DISTANCE] 2554.3723502291773
[PATH] 6 14 9 12 0 11 10 1 5 8 3 7 4 2 13 6
*************************************************************
[GENERATION 140] Average fitness: 0.00026075997690684893
Best fitness: 0.0004199210976708768 [DISTANCE] 2381.3997571128803
[PATH] 6 14 9 12 0 11 8 10 1 5 3 7 4 2 13 6
*************************************************************
[GENERATION 141] Average fitness: 0.00027434319046751933
Best fitness: 0.0004199210976708768 [DISTANCE] 2381.3997571128803
[PATH] 6 14 9 12 0 11 8 10 1 5 3 7 4 2 13 6
*************************************************************
[GENERATION 142] Average fitness: 0.00027700132603454666
Best fitness: 0.0004199210976708768 [DISTANCE] 2381.3997571128803
[PATH] 6 14 9 12 0 11 8 10 1 5 3 7 4 2 13 6
*************************************************************
[GENERATION 143] Average fitness: 0.00027871959225752473
Best fitness: 0.0004205080836352801 [DISTANCE] 2378.075568381538
[PATH] 14 6 8 10 12 7 11 0 5 1 3 4 2 13 9 14
*************************************************************
[GENERATION 144] Average fitness: 0.0002875830168752229
Best fitness: 0.0004199210976708768 [DISTANCE] 2381.3997571128803
[PATH] 6 14 9 12 0 11 8 10 1 5 3 7 4 2 13 6
*************************************************************
[GENERATION 145] Average fitness: 0.0002922850799041082
Best fitness: 0.0004003249043478786 [DISTANCE] 2497.9709959063885
[PATH] 12 14 9 13 6 7 10 0 8 5 11 1 3 4 2 12
*************************************************************
[GENERATION 146] Average fitness: 0.00030258774029257545
Best fitness: 0.0004258055024855471 [DISTANCE] 2348.4900832955827
[PATH] 12 6 14 9 13 7 5 1 0 10 11 8 3 4 2 12
*************************************************************
[GENERATION 147] Average fitness: 0.00030566004646766947
Best fitness: 0.0004649271789961609 [DISTANCE] 2150.874470619532
[PATH] 12 6 14 9 13 7 0 1 5 11 8 10 3 4 2 12
*************************************************************
[GENERATION 148] Average fitness: 0.00031768119769383347
Best fitness: 0.0004649271789961609 [DISTANCE] 2150.874470619532
[PATH] 12 6 14 9 13 7 0 1 5 11 8 10 3 4 2 12
*************************************************************
[GENERATION 149] Average fitness: 0.000317764453833588
Best fitness: 0.00046353032996541163 [DISTANCE] 2157.35613260651
[PATH] 6 14 9 12 13 7 0 1 5 11 8 10 3 4 2 6
*************************************************************
[GENERATION 150] Average fitness: 0.0003255818735554902
Best fitness: 0.00044150526011474064 [DISTANCE] 2264.9786771285917
[PATH] 6 14 9 12 13 7 0 1 5 11 8 3 10 4 2 6
*************************************************************

[BEST RESULT was found in generation 26]
[DISTANCE] 1795.7090451704357 (fitness: 0.000556883088989)
[PATH] 8 6 14 9 13 12 2 4 7 10 3 1 5 0 11 8

