[INITIAL SETTINGS]
[NUMBER OF CITIES] 20
[POPULATION SIZE] 100
[GENERATIONS] 150
---------------------------------------------------------------------------------

[GENERATION 0] Average fitness: 0.00018839176680898777
Best fitness: 0.00024947989753937186 [DISTANCE] 4008.338987882518
[PATH] 11 1 13 4 12 16 6 17 15 9 19 10 5 2 3 0 7 8 14 18 11
*************************************************************
[GENERATION 1] Average fitness: 0.00019105933587636623
Best fitness: 0.00024947989753937186 [DISTANCE] 4008.338987882518
[PATH] 11 1 13 4 12 16 6 17 15 9 19 10 5 2 3 0 7 8 14 18 11
*************************************************************
[GENERATION 2] Average fitness: 0.00019198050531505782
Best fitness: 0.00025195878356825335 [DISTANCE] 3968.9031112071116
[PATH] 2 18 13 4 12 16 5 17 15 1 0 10 7 11 3 8 9 19 6 14 2
*************************************************************
[GENERATION 3] Average fitness: 0.0001979848072162842
Best fitness: 0.00025701273431337165 [DISTANCE] 3890.8577922085196
[PATH] 11 1 13 4 12 16 5 17 6 15 0 9 19 10 2 8 3 7 14 18 11
*************************************************************
[GENERATION 4] Average fitness: 0.0001958439846342755
Best fitness: 0.0002612894588057795 [DISTANCE] 3827.17314571544
[PATH] 9 3 1 5 17 12 6 11 13 4 18 16 15 19 10 2 8 0 7 14 9
*************************************************************
[GENERATION 5] Average fitness: 0.00019928247456112443
Best fitness: 0.0002738823221429856 [DISTANCE] 3651.203159720292
[PATH] 9 3 11 1 13 4 12 16 5 17 6 15 0 19 10 2 8 7 14 18 9
*************************************************************
[GENERATION 6] Average fitness: 0.00020057722809600613
Best fitness: 0.00026280379585886756 [DISTANCE] 3805.1200772496677
[PATH] 11 3 1 13 4 12 16 5 17 6 15 0 9 19 10 2 8 7 14 18 11
*************************************************************
[GENERATION 7] Average fitness: 0.00019979369631558958
Best fitness: 0.0002817449189078801 [DISTANCE] 3549.309793682427
[PATH] 8 3 11 9 12 18 14 1 4 13 16 17 5 6 19 0 15 10 2 7 8
*************************************************************
[GENERATION 8] Average fitness: 0.0002013694881893057
Best fitness: 0.000287091070636567 [DISTANCE] 3483.215266092045
[PATH] 8 3 11 9 18 12 5 1 13 17 6 4 16 19 15 10 2 0 7 14 8
*************************************************************
[GENERATION 9] Average fitness: 0.00020514029957477702
Best fitness: 0.000287091070636567 [DISTANCE] 3483.215266092045
[PATH] 8 3 11 9 18 12 5 1 13 17 6 4 16 19 15 10 2 0 7 14 8
*************************************************************
[GENERATION 10] Average fitness: 0.00020755475697869691
Best fitness: 0.000287091070636567 [DISTANCE] 3483.215266092045
[PATH] 8 3 11 9 18 12 5 1 13 17 6 4 16 19 15 10 2 0 7 14 8
*************************************************************
[GENERATION 11] Average fitness: 0.00020744882295679814
Best fitness: 0.0002775176682902569 [DISTANCE] 3603.3741785193142
[PATH] 8 3 11 18 9 10 4 0 2 1 13 16 5 17 12 15 19 6 14 7 8
*************************************************************
[GENERATION 12] Average fitness: 0.00020898583297211535
Best fitness: 0.0003079220456255571 [DISTANCE] 3247.575203550159
[PATH] 8 3 11 18 9 1 4 12 5 13 17 6 16 19 15 2 10 0 7 14 8
*************************************************************
[GENERATION 13] Average fitness: 0.00020894842769179784
Best fitness: 0.0003079220456255571 [DISTANCE] 3247.575203550159
[PATH] 8 3 11 18 9 1 4 12 5 13 17 6 16 19 15 2 10 0 7 14 8
*************************************************************
[GENERATION 14] Average fitness: 0.00020968403345056357
Best fitness: 0.0003079220456255571 [DISTANCE] 3247.575203550159
[PATH] 8 3 11 18 9 1 4 12 5 13 17 6 16 19 15 2 10 0 7 14 8
*************************************************************
[GENERATION 15] Average fitness: 0.00021094470504288707
Best fitness: 0.00031079536350395073 [DISTANCE] 3217.551216742293
[PATH] 8 3 11 18 9 1 4 13 6 5 16 17 12 15 19 2 10 0 7 14 8
*************************************************************
[GENERATION 16] Average fitness: 0.00021545583920142477
Best fitness: 0.00033614027373555117 [DISTANCE] 2974.9484906611387
[PATH] 0 8 3 11 18 9 4 1 2 13 6 5 17 16 19 15 12 14 10 7 0
*************************************************************
[GENERATION 17] Average fitness: 0.00022590507923017406
Best fitness: 0.0003417068381055815 [DISTANCE] 2926.485186963151
[PATH] 0 8 3 11 18 9 4 1 2 13 6 5 17 16 12 15 19 14 10 7 0
*************************************************************
[GENERATION 18] Average fitness: 0.0002337231379483613
Best fitness: 0.0003138697004059253 [DISTANCE] 3186.0354749334124
[PATH] 0 8 3 7 11 18 9 4 1 2 13 6 12 5 17 19 16 15 14 10 0
*************************************************************
[GENERATION 19] Average fitness: 0.00023858423308271897
Best fitness: 0.0003465719560426612 [DISTANCE] 2885.4036876454747
[PATH] 0 8 3 11 9 18 4 1 15 2 13 6 16 17 19 5 12 10 14 7 0
*************************************************************
[GENERATION 20] Average fitness: 0.00024488391879671736
Best fitness: 0.00034768851730981415 [DISTANCE] 2876.137549026193
[PATH] 0 8 3 11 18 9 4 1 2 15 13 6 16 5 17 19 12 10 14 7 0
*************************************************************
[GENERATION 21] Average fitness: 0.00024187159969425907
Best fitness: 0.00033154010607887324 [DISTANCE] 3016.226337823818
[PATH] 0 8 3 11 18 9 2 1 4 15 13 6 16 12 17 5 19 10 14 7 0
*************************************************************
[GENERATION 22] Average fitness: 0.00023888487537614307
Best fitness: 0.00033154010607887324 [DISTANCE] 3016.226337823818
[PATH] 0 8 3 11 18 9 2 1 4 15 13 6 16 12 17 5 19 10 14 7 0
*************************************************************
[GENERATION 23] Average fitness: 0.000248085080675623
Best fitness: 0.00033988001307216 [DISTANCE] 2942.214786215422
[PATH] 0 8 3 11 18 9 4 1 13 12 6 16 5 19 17 7 10 2 15 14 0
*************************************************************
[GENERATION 24] Average fitness: 0.00025685816962973414
Best fitness: 0.00034707030202557544 [DISTANCE] 2881.260638446416
[PATH] 8 0 3 11 18 9 2 10 4 1 15 6 5 16 19 12 17 13 14 7 8
*************************************************************
[GENERATION 25] Average fitness: 0.0002655672492672882
Best fitness: 0.00033667215613177444 [DISTANCE] 2970.2485987840264
[PATH] 0 8 3 11 18 9 2 1 4 15 13 6 5 12 16 19 17 10 14 7 0
*************************************************************
[GENERATION 26] Average fitness: 0.00027139422685699076
Best fitness: 0.00034398254234408864 [DISTANCE] 2907.1242778352735
[PATH] 0 8 3 11 18 9 2 1 15 4 13 6 16 12 17 5 19 10 14 7 0
*************************************************************
[GENERATION 27] Average fitness: 0.0002758186918507261
Best fitness: 0.0003522967454455409 [DISTANCE] 2838.5161456298015
[PATH] 8 0 3 11 18 9 2 4 15 1 12 19 5 6 17 16 13 14 10 7 8
*************************************************************
[GENERATION 28] Average fitness: 0.0002835713145443313
Best fitness: 0.0003529335139514702 [DISTANCE] 2833.3948476695364
[PATH] 8 0 3 11 9 18 2 10 4 1 12 19 5 6 16 17 13 15 14 7 8
*************************************************************
[GENERATION 29] Average fitness: 0.0002926979782638746
Best fitness: 0.0003522967454455409 [DISTANCE] 2838.5161456298015
[PATH] 8 0 3 11 18 9 2 4 15 1 12 19 5 6 17 16 13 14 10 7 8
*************************************************************
[GENERATION 30] Average fitness: 0.00029447811247477844
Best fitness: 0.000372413581091091 [DISTANCE] 2685.1867138416837
[PATH] 0 8 3 11 9 18 4 2 1 15 13 19 5 6 16 17 12 10 14 7 0
*************************************************************
[GENERATION 31] Average fitness: 0.000304813258178697
Best fitness: 0.00039056637778822953 [DISTANCE] 2560.3842441916845
[PATH] 0 8 3 11 9 18 4 2 1 15 13 19 5 6 16 17 12 14 10 7 0
*************************************************************
[GENERATION 32] Average fitness: 0.0003102293614487995
Best fitness: 0.00039056637778822953 [DISTANCE] 2560.3842441916845
[PATH] 0 8 3 11 9 18 4 2 1 15 13 19 5 6 16 17 12 14 10 7 0
*************************************************************
[GENERATION 33] Average fitness: 0.00031685016772507144
Best fitness: 0.00038315636819006855 [DISTANCE] 2609.9005080451643
[PATH] 8 0 3 11 9 18 4 2 1 15 13 19 5 6 16 17 12 14 10 7 8
*************************************************************
[GENERATION 34] Average fitness: 0.00032369250976670985
Best fitness: 0.00039056637778822953 [DISTANCE] 2560.3842441916845
[PATH] 0 8 3 11 9 18 4 2 1 15 13 19 5 6 16 17 12 14 10 7 0
*************************************************************
[GENERATION 35] Average fitness: 0.0003323258159543858
Best fitness: 0.00039056637778822953 [DISTANCE] 2560.3842441916845
[PATH] 0 8 3 11 9 18 4 2 1 15 13 19 5 6 16 17 12 14 10 7 0
*************************************************************
[GENERATION 36] Average fitness: 0.00034226746685785825
Best fitness: 0.00039056637778822953 [DISTANCE] 2560.3842441916845
[PATH] 0 8 3 11 9 18 4 2 1 15 13 19 5 6 16 17 12 14 10 7 0
*************************************************************
[GENERATION 37] Average fitness: 0.00034989706578823776
Best fitness: 0.0003957828440892979 [DISTANCE] 2526.6380666423647
[PATH] 0 8 3 11 9 18 4 2 1 15 13 12 5 16 6 17 19 14 10 7 0
*************************************************************
[GENERATION 38] Average fitness: 0.0003564111748177076
Best fitness: 0.00039493643320701776 [DISTANCE] 2532.0530493468555
[PATH] 0 8 3 11 9 18 4 2 1 15 13 19 12 5 6 16 17 14 10 7 0
*************************************************************
[GENERATION 39] Average fitness: 0.0003570282580664282
Best fitness: 0.00039493643320701776 [DISTANCE] 2532.0530493468555
[PATH] 0 8 3 11 9 18 4 2 1 15 13 19 12 5 6 16 17 14 10 7 0
*************************************************************
[GENERATION 40] Average fitness: 0.0003585138924631968
Best fitness: 0.00039493643320701776 [DISTANCE] 2532.0530493468555
[PATH] 0 8 3 11 9 18 4 2 1 15 13 19 12 5 6 16 17 14 10 7 0
*************************************************************
[GENERATION 41] Average fitness: 0.00036173072129710407
Best fitness: 0.00039942752965049447 [DISTANCE] 2503.5830676844334
[PATH] 0 8 3 11 9 18 4 2 1 15 13 19 17 16 6 5 12 14 10 7 0
*************************************************************
[GENERATION 42] Average fitness: 0.0003723084645387468
Best fitness: 0.00040081019252489325 [DISTANCE] 2494.9465324235553
[PATH] 0 8 3 11 9 18 4 2 1 15 13 19 17 12 5 6 16 14 10 7 0
*************************************************************
[GENERATION 43] Average fitness: 0.0003745088811909127
Best fitness: 0.00039605437940155375 [DISTANCE] 2524.90580084235
[PATH] 0 8 3 11 9 18 4 15 2 1 13 19 12 5 6 16 17 14 10 7 0
*************************************************************
[GENERATION 44] Average fitness: 0.0003836610710717297
Best fitness: 0.00039605437940155375 [DISTANCE] 2524.90580084235
[PATH] 0 8 3 11 9 18 4 15 2 1 13 19 12 5 6 16 17 14 10 7 0
*************************************************************
[GENERATION 45] Average fitness: 0.0003821588737337102
Best fitness: 0.00039605437940155375 [DISTANCE] 2524.90580084235
[PATH] 0 8 3 11 9 18 4 15 2 1 13 19 12 5 6 16 17 14 10 7 0
*************************************************************
[GENERATION 46] Average fitness: 0.0003798450945793636
Best fitness: 0.0003967149729530362 [DISTANCE] 2520.701430944936
[PATH] 0 8 3 11 9 18 4 2 1 15 13 19 16 6 5 17 12 14 10 7 0
*************************************************************
[GENERATION 47] Average fitness: 0.00038127830298602345
Best fitness: 0.0004039334228988238 [DISTANCE] 2475.655499917563
[PATH] 0 8 3 11 9 18 4 15 2 1 13 19 16 6 5 12 17 14 10 7 0
*************************************************************
[GENERATION 48] Average fitness: 0.0003814333229064956
Best fitness: 0.0004039334228988238 [DISTANCE] 2475.655499917563
[PATH] 0 8 3 11 9 18 4 15 2 1 13 19 16 6 5 12 17 14 10 7 0
*************************************************************
[GENERATION 49] Average fitness: 0.000381154490671618
Best fitness: 0.0004039334228988238 [DISTANCE] 2475.655499917563
[PATH] 0 8 3 11 9 18 4 15 2 1 13 19 16 6 5 12 17 14 10 7 0
*************************************************************
[GENERATION 50] Average fitness: 0.00037927749240141106
Best fitness: 0.0003978430252213985 [DISTANCE] 2513.554182440431
[PATH] 0 8 3 11 9 18 4 15 2 1 13 19 16 6 5 17 12 14 10 7 0
*************************************************************
[GENERATION 51] Average fitness: 0.0003796278939835874
Best fitness: 0.0003978430252213985 [DISTANCE] 2513.554182440431
[PATH] 0 8 3 11 9 18 4 15 2 1 13 19 16 6 5 17 12 14 10 7 0
*************************************************************
[GENERATION 52] Average fitness: 0.0003807170632235575
Best fitness: 0.0004039334228988238 [DISTANCE] 2475.655499917563
[PATH] 0 8 3 11 9 18 4 15 2 1 13 19 16 6 5 12 17 14 10 7 0
*************************************************************
[GENERATION 53] Average fitness: 0.00038242673483486977
Best fitness: 0.0003978430252213985 [DISTANCE] 2513.554182440431
[PATH] 0 8 3 11 9 18 4 15 2 1 13 19 16 6 5 17 12 14 10 7 0
*************************************************************
[GENERATION 54] Average fitness: 0.0003838587064670999
Best fitness: 0.0003978430252213985 [DISTANCE] 2513.554182440431
[PATH] 0 8 3 11 9 18 4 15 2 1 13 19 16 6 5 17 12 14 10 7 0
*************************************************************
[GENERATION 55] Average fitness: 0.0003810897260553507
Best fitness: 0.0003978430252213985 [DISTANCE] 2513.554182440431
[PATH] 0 8 3 11 9 18 4 15 2 1 13 19 16 6 5 17 12 14 10 7 0
*************************************************************
[GENERATION 56] Average fitness: 0.0003812499342433084
Best fitness: 0.0004039334228988238 [DISTANCE] 2475.655499917563
[PATH] 0 8 3 11 9 18 4 15 2 1 13 19 16 6 5 12 17 14 10 7 0
*************************************************************
[GENERATION 57] Average fitness: 0.00038405606490820915
Best fitness: 0.0004039334228988238 [DISTANCE] 2475.655499917563
[PATH] 0 8 3 11 9 18 4 15 2 1 13 19 16 6 5 12 17 14 10 7 0
*************************************************************
[GENERATION 58] Average fitness: 0.00038365127045408886
Best fitness: 0.0004039334228988238 [DISTANCE] 2475.655499917563
[PATH] 0 8 3 11 9 18 4 15 2 1 13 19 16 6 5 12 17 14 10 7 0
*************************************************************
[GENERATION 59] Average fitness: 0.00038783729864691864
Best fitness: 0.0004039334228988238 [DISTANCE] 2475.655499917563
[PATH] 0 8 3 11 9 18 4 15 2 1 13 19 16 6 5 12 17 14 10 7 0
*************************************************************
[GENERATION 60] Average fitness: 0.0003842194781714391
Best fitness: 0.0004039334228988238 [DISTANCE] 2475.655499917563
[PATH] 0 8 3 11 9 18 4 15 2 1 13 19 16 6 5 12 17 14 10 7 0
*************************************************************
[GENERATION 61] Average fitness: 0.00039015297380902897
Best fitness: 0.0004039334228988238 [DISTANCE] 2475.655499917563
[PATH] 0 8 3 11 9 18 4 15 2 1 13 19 16 6 5 12 17 14 10 7 0
*************************************************************
[GENERATION 62] Average fitness: 0.00039162074194965224
Best fitness: 0.0004039334228988238 [DISTANCE] 2475.655499917563
[PATH] 0 8 3 11 9 18 4 15 2 1 13 19 16 6 5 12 17 14 10 7 0
*************************************************************
[GENERATION 63] Average fitness: 0.0003913967041473332
Best fitness: 0.0004039334228988238 [DISTANCE] 2475.655499917563
[PATH] 0 8 3 11 9 18 4 15 2 1 13 19 16 6 5 12 17 14 10 7 0
*************************************************************
[GENERATION 64] Average fitness: 0.0003930059811367257
Best fitness: 0.0004039334228988238 [DISTANCE] 2475.655499917563
[PATH] 0 8 3 11 9 18 4 15 2 1 13 19 16 6 5 12 17 14 10 7 0
*************************************************************
[GENERATION 65] Average fitness: 0.0003936147439101328
Best fitness: 0.0004039334228988238 [DISTANCE] 2475.655499917563
[PATH] 0 8 3 11 9 18 4 15 2 1 13 19 16 6 5 12 17 14 10 7 0
*************************************************************
[GENERATION 66] Average fitness: 0.00038606114236017106
Best fitness: 0.0004039334228988238 [DISTANCE] 2475.655499917563
[PATH] 0 8 3 11 9 18 4 15 2 1 13 19 16 6 5 12 17 14 10 7 0
*************************************************************
[GENERATION 67] Average fitness: 0.00039405131906942634
Best fitness: 0.0004039334228988238 [DISTANCE] 2475.655499917563
[PATH] 0 8 3 11 9 18 4 15 2 1 13 19 16 6 5 12 17 14 10 7 0
*************************************************************
[GENERATION 68] Average fitness: 0.0003943599242147975
Best fitness: 0.0004039334228988238 [DISTANCE] 2475.655499917563
[PATH] 0 8 3 11 9 18 4 15 2 1 13 19 16 6 5 12 17 14 10 7 0
*************************************************************
[GENERATION 69] Average fitness: 0.00039659685437431276
Best fitness: 0.0004039334228988238 [DISTANCE] 2475.655499917563
[PATH] 0 8 3 11 9 18 4 15 2 1 13 19 16 6 5 12 17 14 10 7 0
*************************************************************
[GENERATION 70] Average fitness: 0.0003967848208877834
Best fitness: 0.0004039334228988238 [DISTANCE] 2475.655499917563
[PATH] 0 8 3 11 9 18 4 15 2 1 13 19 16 6 5 12 17 14 10 7 0
*************************************************************
[GENERATION 71] Average fitness: 0.00039397741924903246
Best fitness: 0.0004039334228988238 [DISTANCE] 2475.655499917563
[PATH] 0 8 3 11 9 18 4 15 2 1 13 19 16 6 5 12 17 14 10 7 0
*************************************************************
[GENERATION 72] Average fitness: 0.00018607104101568054
Best fitness: 0.00023077006162651223 [DISTANCE] 4333.317731736109
[PATH] 15 6 16 8 0 11 2 3 14 4 19 12 9 7 10 13 5 17 1 18 15
*************************************************************
[GENERATION 73] Average fitness: 0.00018695221938300842
Best fitness: 0.00023714915814796201 [DISTANCE] 4216.7554285648375
[PATH] 16 0 7 10 9 1 17 15 3 2 8 14 11 12 5 18 4 13 19 6 16
*************************************************************
[GENERATION 74] Average fitness: 0.00018881074657074265
Best fitness: 0.0002552809065415009 [DISTANCE] 3917.253403506816
[PATH] 16 6 4 13 11 3 12 5 10 7 14 18 8 0 9 15 1 2 19 17 16
*************************************************************
[GENERATION 75] Average fitness: 0.0001940915575956261
Best fitness: 0.00024458486603785477 [DISTANCE] 4088.5604093150578
[PATH] 4 17 6 5 11 13 16 9 18 15 2 8 7 3 0 10 12 19 14 1 4
*************************************************************
[GENERATION 76] Average fitness: 0.00020035109645382107
Best fitness: 0.0002859415032310856 [DISTANCE] 3497.2187972021784
[PATH] 2 12 6 19 5 1 10 0 8 3 11 7 14 15 9 18 13 4 17 16 2
*************************************************************
[GENERATION 77] Average fitness: 0.00020110858294525018
Best fitness: 0.0003452757950560241 [DISTANCE] 2896.2354567534658
[PATH] 2 12 6 5 19 1 15 10 0 8 3 7 11 14 9 18 13 4 17 16 2
*************************************************************
[GENERATION 78] Average fitness: 0.00019928919370925638
Best fitness: 0.0002674194787311416 [DISTANCE] 3739.4433821531034
[PATH] 2 12 6 5 0 19 1 15 10 8 3 7 11 14 9 18 13 4 17 16 2
*************************************************************
[GENERATION 79] Average fitness: 0.00020186559526959354
Best fitness: 0.0002863957744969236 [DISTANCE] 3491.671627336603
[PATH] 16 5 17 12 6 8 0 4 9 11 14 18 13 19 3 7 10 2 15 1 16
*************************************************************
[GENERATION 80] Average fitness: 0.00020331232278652703
Best fitness: 0.00027715598441747973 [DISTANCE] 3608.076520886885
[PATH] 13 2 7 3 4 16 5 15 11 0 8 10 1 19 9 18 14 12 6 17 13
*************************************************************
[GENERATION 81] Average fitness: 0.00020356971867982254
Best fitness: 0.00025873737701688737 [DISTANCE] 3864.9228477520337
[PATH] 2 13 16 5 4 3 7 15 11 0 8 10 1 19 9 18 14 12 6 17 2
*************************************************************
[GENERATION 82] Average fitness: 0.00020386542829251713
Best fitness: 0.00028236272373619487 [DISTANCE] 3541.543964331062
[PATH] 6 16 5 19 15 17 12 7 8 0 2 1 18 3 13 4 9 11 14 10 6
*************************************************************
[GENERATION 83] Average fitness: 0.0002054705685753722
Best fitness: 0.0003329058773413857 [DISTANCE] 3003.852043664966
[PATH] 16 6 5 19 13 12 17 7 0 8 10 14 11 3 2 4 15 1 9 18 16
*************************************************************
[GENERATION 84] Average fitness: 0.00020711774398685028
Best fitness: 0.000319240637361063 [DISTANCE] 3132.433290029409
[PATH] 16 6 5 19 15 17 12 7 0 8 10 14 11 3 2 4 1 18 9 13 16
*************************************************************
[GENERATION 85] Average fitness: 0.00021193848166869235
Best fitness: 0.0002741587004684958 [DISTANCE] 3647.5223959376485
[PATH] 16 6 5 19 13 12 17 0 8 10 14 7 2 1 18 3 11 4 15 9 16
*************************************************************
[GENERATION 86] Average fitness: 0.00021475553028887307
Best fitness: 0.000300628846197971 [DISTANCE] 3326.3607689246064
[PATH] 2 7 4 17 6 12 1 5 16 19 8 0 3 14 10 11 18 9 13 15 2
*************************************************************
[GENERATION 87] Average fitness: 0.00021194729455112246
Best fitness: 0.0002684029706758466 [DISTANCE] 3725.7411774615257
[PATH] 16 6 5 12 13 17 9 19 15 1 4 14 8 0 10 18 7 2 3 11 16
*************************************************************
[GENERATION 88] Average fitness: 0.00021356204525144762
Best fitness: 0.00027668675346467596 [DISTANCE] 3614.1954303123803
[PATH] 16 6 5 12 17 13 4 9 8 19 15 1 10 14 18 3 0 7 2 11 16
*************************************************************
[GENERATION 89] Average fitness: 0.00022016782799961907
Best fitness: 0.00027977313158588415 [DISTANCE] 3574.3246477298776
[PATH] 16 6 19 12 17 13 5 9 14 18 1 4 15 11 7 3 10 2 0 8 16
*************************************************************
[GENERATION 90] Average fitness: 0.0002234102999554278
Best fitness: 0.00029711766921033435 [DISTANCE] 3365.669913397456
[PATH] 7 16 6 19 17 12 5 18 13 4 15 9 0 8 10 3 11 14 1 2 7
*************************************************************
[GENERATION 91] Average fitness: 0.00022553931756701318
Best fitness: 0.0003200328748259385 [DISTANCE] 3124.6789897565563
[PATH] 6 16 5 12 17 13 4 9 18 19 15 0 8 2 10 3 11 14 1 7 6
*************************************************************
[GENERATION 92] Average fitness: 0.0002264752043252811
Best fitness: 0.0003200328748259385 [DISTANCE] 3124.6789897565563
[PATH] 6 16 5 12 17 13 4 9 18 19 15 0 8 2 10 3 11 14 1 7 6
*************************************************************
[GENERATION 93] Average fitness: 0.0002255546729765034
Best fitness: 0.0003062415889995615 [DISTANCE] 3265.395804883418
[PATH] 6 16 5 12 17 13 19 4 9 14 18 10 8 2 0 3 11 1 15 7 6
*************************************************************
[GENERATION 94] Average fitness: 0.00022915883785617087
Best fitness: 0.0003237655362769257 [DISTANCE] 3088.6548688884295
[PATH] 6 16 5 12 17 13 19 4 9 14 18 10 15 7 8 2 0 3 11 1 6
*************************************************************
[GENERATION 95] Average fitness: 0.00022734666175596902
Best fitness: 0.0003385991647422368 [DISTANCE] 2953.3445564204612
[PATH] 16 6 5 19 17 13 12 18 9 14 4 10 15 7 2 0 8 3 11 1 16
*************************************************************
[GENERATION 96] Average fitness: 0.00023466118019430782
Best fitness: 0.00031950980383438826 [DISTANCE] 3129.7944163188517
[PATH] 16 6 5 12 17 13 18 19 4 9 14 10 15 0 2 7 8 3 11 1 16
*************************************************************
[GENERATION 97] Average fitness: 0.00023850219720241792
Best fitness: 0.0003137336813067459 [DISTANCE] 3187.4167792085827
[PATH] 4 6 16 5 12 19 18 13 9 17 1 15 2 0 7 8 10 3 11 14 4
*************************************************************
[GENERATION 98] Average fitness: 0.0002395969076366955
Best fitness: 0.00030135898827902453 [DISTANCE] 3318.301556926228
[PATH] 16 6 5 12 19 13 17 18 4 9 14 10 15 7 2 8 3 11 0 1 16
*************************************************************
[GENERATION 99] Average fitness: 0.00023687227620209503
Best fitness: 0.00030763037967678874 [DISTANCE] 3250.654246341496
[PATH] 16 6 5 12 19 17 18 13 9 4 1 10 7 15 2 8 0 11 3 14 16
*************************************************************
[GENERATION 100] Average fitness: 0.0002452434264456217
Best fitness: 0.0003215083431753968 [DISTANCE] 3110.339190962943
[PATH] 16 6 5 12 19 17 18 13 9 4 1 15 10 2 0 8 3 11 7 14 16
*************************************************************
[GENERATION 101] Average fitness: 0.00025123555481037276
Best fitness: 0.000390735022941789 [DISTANCE] 2559.2791566805063
[PATH] 18 9 6 16 5 12 19 17 4 13 1 15 10 7 2 8 0 11 3 14 18
*************************************************************
[GENERATION 102] Average fitness: 0.00025582709321168905
Best fitness: 0.000390735022941789 [DISTANCE] 2559.2791566805063
[PATH] 18 9 6 16 5 12 19 17 4 13 1 15 10 7 2 8 0 11 3 14 18
*************************************************************
[GENERATION 103] Average fitness: 0.00026102491667888384
Best fitness: 0.0003925908977922871 [DISTANCE] 2547.1808073581024
[PATH] 18 9 4 6 16 5 12 13 19 17 1 15 10 7 2 0 8 11 3 14 18
*************************************************************
[GENERATION 104] Average fitness: 0.00026659903639559814
Best fitness: 0.00037079137995778185 [DISTANCE] 2696.934324939969
[PATH] 18 9 5 12 19 13 4 16 6 17 1 15 10 7 2 0 8 11 3 14 18
*************************************************************
[GENERATION 105] Average fitness: 0.00026698184134722205
Best fitness: 0.0003825013008584075 [DISTANCE] 2614.3701936589628
[PATH] 18 9 4 12 19 13 5 16 6 17 1 15 10 7 2 0 8 11 3 14 18
*************************************************************
[GENERATION 106] Average fitness: 0.00026895913353213103
Best fitness: 0.0003825013008584075 [DISTANCE] 2614.3701936589628
[PATH] 18 9 4 12 19 13 5 16 6 17 1 15 10 7 2 0 8 11 3 14 18
*************************************************************
[GENERATION 107] Average fitness: 0.0002723754264421339
Best fitness: 0.0003790333641700992 [DISTANCE] 2638.2901731870465
[PATH] 18 9 4 12 16 19 13 5 6 17 1 15 10 7 2 0 8 11 3 14 18
*************************************************************
[GENERATION 108] Average fitness: 0.0002756638856348462
Best fitness: 0.00036586155673331026 [DISTANCE] 2733.274326301892
[PATH] 18 9 5 12 19 17 13 4 16 6 1 15 10 2 7 8 0 11 3 14 18
*************************************************************
[GENERATION 109] Average fitness: 0.0002773190517828495
Best fitness: 0.00035885365319395705 [DISTANCE] 2786.6513022775594
[PATH] 16 6 5 12 18 9 13 19 17 4 1 15 10 2 7 8 0 11 3 14 16
*************************************************************
[GENERATION 110] Average fitness: 0.00027802663674813513
Best fitness: 0.0003795219564529593 [DISTANCE] 2634.8936681979485
[PATH] 18 6 5 16 19 17 12 4 13 9 14 1 15 2 7 10 0 8 3 11 18
*************************************************************
[GENERATION 111] Average fitness: 0.0002877263524475959
Best fitness: 0.00040005073355616475 [DISTANCE] 2499.6829554859596
[PATH] 18 16 12 5 6 17 19 4 13 9 14 1 15 10 2 7 0 8 3 11 18
*************************************************************
[GENERATION 112] Average fitness: 0.0002873003504500901
Best fitness: 0.0003896259451903748 [DISTANCE] 2566.5641940538403
[PATH] 18 6 5 16 19 17 12 4 13 9 14 1 15 2 10 7 0 8 3 11 18
*************************************************************
[GENERATION 113] Average fitness: 0.0002954610789461159
Best fitness: 0.00039537340063822786 [DISTANCE] 2529.254619521089
[PATH] 18 16 12 6 5 17 19 4 13 9 14 1 15 2 10 7 0 8 3 11 18
*************************************************************
[GENERATION 114] Average fitness: 0.0003008182102655795
Best fitness: 0.0003947560340108584 [DISTANCE] 2533.2101699362333
[PATH] 18 12 16 5 6 17 19 4 13 9 14 1 15 10 2 7 0 8 3 11 18
*************************************************************
[GENERATION 115] Average fitness: 0.00030623890118881906
Best fitness: 0.0003999551240582307 [DISTANCE] 2500.280506105997
[PATH] 18 12 16 6 5 17 19 4 13 9 14 1 15 10 2 7 0 8 3 11 18
*************************************************************
[GENERATION 116] Average fitness: 0.00032104040543891625
Best fitness: 0.0003999551240582307 [DISTANCE] 2500.280506105997
[PATH] 18 12 16 6 5 17 19 4 13 9 14 1 15 10 2 7 0 8 3 11 18
*************************************************************
[GENERATION 117] Average fitness: 0.00033535567862858526
Best fitness: 0.0003999551240582307 [DISTANCE] 2500.280506105997
[PATH] 18 12 16 6 5 17 19 4 13 9 14 1 15 10 2 7 0 8 3 11 18
*************************************************************
[GENERATION 118] Average fitness: 0.000340422319930912
Best fitness: 0.0003999551240582307 [DISTANCE] 2500.280506105997
[PATH] 18 12 16 6 5 17 19 4 13 9 14 1 15 10 2 7 0 8 3 11 18
*************************************************************
[GENERATION 119] Average fitness: 0.0003478990042068022
Best fitness: 0.00040514376985973527 [DISTANCE] 2468.2596016377342
[PATH] 18 9 12 16 6 5 17 19 13 4 14 1 15 10 2 7 0 8 3 11 18
*************************************************************
[GENERATION 120] Average fitness: 0.00035329903546843565
Best fitness: 0.000400786531827526 [DISTANCE] 2495.0938232383987
[PATH] 18 9 12 6 5 16 17 19 13 14 4 1 15 10 2 7 0 8 3 11 18
*************************************************************
[GENERATION 121] Average fitness: 0.00035654002815265916
Best fitness: 0.0004038016855473439 [DISTANCE] 2476.4631644479714
[PATH] 18 4 12 6 5 16 17 19 13 9 14 1 15 10 2 7 0 8 3 11 18
*************************************************************
[GENERATION 122] Average fitness: 0.00036644379439844925
Best fitness: 0.000416071800686919 [DISTANCE] 2403.4313268744418
[PATH] 18 9 12 5 6 16 17 19 13 4 14 15 1 2 10 7 0 8 3 11 18
*************************************************************
[GENERATION 123] Average fitness: 0.00036789116421401106
Best fitness: 0.0004145803157333838 [DISTANCE] 2412.077858137141
[PATH] 18 4 12 5 6 16 17 19 13 9 14 15 1 10 2 7 0 8 3 11 18
*************************************************************
[GENERATION 124] Average fitness: 0.00036580215535981814
Best fitness: 0.00041161361715486597 [DISTANCE] 2429.462870815955
[PATH] 18 4 12 5 6 16 17 19 13 9 14 1 15 10 2 7 0 8 3 11 18
*************************************************************
[GENERATION 125] Average fitness: 0.0003700648895002929
Best fitness: 0.0004145803157333838 [DISTANCE] 2412.077858137141
[PATH] 18 4 12 5 6 16 17 19 13 9 14 15 1 10 2 7 0 8 3 11 18
*************************************************************
[GENERATION 126] Average fitness: 0.00037837499095693604
Best fitness: 0.0004145803157333838 [DISTANCE] 2412.077858137141
[PATH] 18 4 12 5 6 16 17 19 13 9 14 15 1 10 2 7 0 8 3 11 18
*************************************************************
[GENERATION 127] Average fitness: 0.0003915660186476154
Best fitness: 0.0004145803157333838 [DISTANCE] 2412.077858137141
[PATH] 18 4 12 5 6 16 17 19 13 9 14 15 1 10 2 7 0 8 3 11 18
*************************************************************
[GENERATION 128] Average fitness: 0.00039533154373264914
Best fitness: 0.0004145803157333838 [DISTANCE] 2412.077858137141
[PATH] 18 4 12 5 6 16 17 19 13 9 14 15 1 10 2 7 0 8 3 11 18
*************************************************************
[GENERATION 129] Average fitness: 0.00039281967904388686
Best fitness: 0.0004145803157333838 [DISTANCE] 2412.077858137141
[PATH] 18 4 12 5 6 16 17 19 13 9 14 15 1 10 2 7 0 8 3 11 18
*************************************************************
[GENERATION 130] Average fitness: 0.0003958232543664137
Best fitness: 0.0004154200262736418 [DISTANCE] 2407.20219718365
[PATH] 18 4 12 5 6 16 17 19 13 9 14 15 1 2 10 7 0 8 3 11 18
*************************************************************
[GENERATION 131] Average fitness: 0.00039671679744177383
Best fitness: 0.0004154200262736418 [DISTANCE] 2407.20219718365
[PATH] 18 4 12 5 6 16 17 19 13 9 14 15 1 2 10 7 0 8 3 11 18
*************************************************************
[GENERATION 132] Average fitness: 0.0004027724839287727
Best fitness: 0.0004154200262736418 [DISTANCE] 2407.20219718365
[PATH] 18 4 12 5 6 16 17 19 13 9 14 15 1 2 10 7 0 8 3 11 18
*************************************************************
[GENERATION 133] Average fitness: 0.00040727889566150906
Best fitness: 0.0004154200262736418 [DISTANCE] 2407.20219718365
[PATH] 18 4 12 5 6 16 17 19 13 9 14 15 1 2 10 7 0 8 3 11 18
*************************************************************
[GENERATION 134] Average fitness: 0.00040800382377873695
Best fitness: 0.0004154200262736418 [DISTANCE] 2407.20219718365
[PATH] 18 4 12 5 6 16 17 19 13 9 14 15 1 2 10 7 0 8 3 11 18
*************************************************************
[GENERATION 135] Average fitness: 0.0004099728495161945
Best fitness: 0.0004154200262736418 [DISTANCE] 2407.20219718365
[PATH] 18 4 12 5 6 16 17 19 13 9 14 15 1 2 10 7 0 8 3 11 18
*************************************************************
[GENERATION 136] Average fitness: 0.0004063834320887685
Best fitness: 0.0004154200262736418 [DISTANCE] 2407.20219718365
[PATH] 18 4 12 5 6 16 17 19 13 9 14 15 1 2 10 7 0 8 3 11 18
*************************************************************
[GENERATION 137] Average fitness: 0.0004099993683343174
Best fitness: 0.0004154200262736418 [DISTANCE] 2407.20219718365
[PATH] 18 4 12 5 6 16 17 19 13 9 14 15 1 2 10 7 0 8 3 11 18
*************************************************************
[GENERATION 138] Average fitness: 0.00040706331746895465
Best fitness: 0.0004154200262736418 [DISTANCE] 2407.20219718365
[PATH] 18 4 12 5 6 16 17 19 13 9 14 15 1 2 10 7 0 8 3 11 18
*************************************************************
[GENERATION 139] Average fitness: 0.0004089509555812725
Best fitness: 0.0004154200262736418 [DISTANCE] 2407.20219718365
[PATH] 18 4 12 5 6 16 17 19 13 9 14 15 1 2 10 7 0 8 3 11 18
*************************************************************
[GENERATION 140] Average fitness: 0.0004055595820696847
Best fitness: 0.0004154200262736418 [DISTANCE] 2407.20219718365
[PATH] 18 4 12 5 6 16 17 19 13 9 14 15 1 2 10 7 0 8 3 11 18
*************************************************************
[GENERATION 141] Average fitness: 0.00040519069813803744
Best fitness: 0.0004154200262736418 [DISTANCE] 2407.20219718365
[PATH] 18 4 12 5 6 16 17 19 13 9 14 15 1 2 10 7 0 8 3 11 18
*************************************************************
[GENERATION 142] Average fitness: 0.00040734490980287835
Best fitness: 0.0004154200262736418 [DISTANCE] 2407.20219718365
[PATH] 18 4 12 5 6 16 17 19 13 9 14 15 1 2 10 7 0 8 3 11 18
*************************************************************
[GENERATION 143] Average fitness: 0.000410060696736626
Best fitness: 0.0004154200262736418 [DISTANCE] 2407.20219718365
[PATH] 18 4 12 5 6 16 17 19 13 9 14 15 1 2 10 7 0 8 3 11 18
*************************************************************
[GENERATION 144] Average fitness: 0.00041122814956381774
Best fitness: 0.0004154200262736418 [DISTANCE] 2407.20219718365
[PATH] 18 4 12 5 6 16 17 19 13 9 14 15 1 2 10 7 0 8 3 11 18
*************************************************************
[GENERATION 145] Average fitness: 0.0004125605842356612
Best fitness: 0.0004154200262736418 [DISTANCE] 2407.20219718365
[PATH] 18 4 12 5 6 16 17 19 13 9 14 15 1 2 10 7 0 8 3 11 18
*************************************************************
[GENERATION 146] Average fitness: 0.0001871496039985131
Best fitness: 0.0002521945058550865 [DISTANCE] 3965.193439125157
[PATH] 14 8 15 13 19 17 9 12 16 5 6 2 0 1 10 7 3 11 18 4 14
*************************************************************
[GENERATION 147] Average fitness: 0.00018783558478957372
Best fitness: 0.00023572357267798128 [DISTANCE] 4242.257100718926
[PATH] 8 2 12 19 1 0 11 4 10 9 15 14 13 18 5 6 16 17 3 7 8
*************************************************************
[GENERATION 148] Average fitness: 0.00019267349389978576
Best fitness: 0.00023271150056688336 [DISTANCE] 4297.166223259306
[PATH] 16 1 6 19 18 5 12 2 0 13 10 7 15 14 11 3 8 4 9 17 16
*************************************************************
[GENERATION 149] Average fitness: 0.00019453570210298615
Best fitness: 0.00024147457384478236 [DISTANCE] 4141.222755165895
[PATH] 12 19 5 16 2 8 0 11 18 1 6 15 13 7 9 10 14 3 4 17 12
*************************************************************
[GENERATION 150] Average fitness: 0.00019303135087259736
Best fitness: 0.0002670055886519562 [DISTANCE] 3745.239959390916
[PATH] 13 2 0 12 5 6 19 17 9 18 1 16 15 7 10 14 11 3 8 4 13
*************************************************************

[BEST RESULT was found in generation 122]
[DISTANCE] 2403.4313268744418 (fitness: 0.000416071800686919)
[PATH] 18 9 12 5 6 16 17 19 13 4 14 15 1 2 10 7 0 8 3 11 18

